EXTCUR(1)  =   1.23780254055153E+05/  1.23780254055153E+05
EXTCUR(2)  =   1.14686989925306E+05/  1.14686989925306E+05
EXTCUR(3)  =   1.12930396442408E+05/  1.12930396442408E+05
EXTCUR(4)  =   7.79750736570386E+04/  7.79750736570386E+04
EXTCUR(5)  =  -1.23780254055153E+05/ -1.23780254055153E+05
EXTCUR(6)  =  -1.14686989925306E+05/ -1.14686989925306E+05
EXTCUR(7)  =  -1.12930396442408E+05/ -1.12930396442408E+05
EXTCUR(8)  =  -7.79750736570386E+04/ -7.79750736570386E+04
EXTCUR(9)  =   1.23780254055153E+05/  1.23780254055153E+05
EXTCUR(10) =   1.14686989925306E+05/  1.14686989925306E+05
EXTCUR(11) =   1.12930396442408E+05/  1.12930396442408E+05
EXTCUR(12) =   7.79750736570386E+04/  7.79750736570386E+04
EXTCUR(13) =  -1.23780254055153E+05/ -1.23780254055153E+05
EXTCUR(14) =  -1.14686989925306E+05/ -1.14686989925306E+05
EXTCUR(15) =  -1.12930396442408E+05/ -1.12930396442408E+05
EXTCUR(16) =  -7.79750736570386E+04/ -7.79750736570386E+04
EXTCUR(17) =   1.23780254055153E+05/  1.23780254055153E+05
EXTCUR(18) =   1.14686989925306E+05/  1.14686989925306E+05
EXTCUR(19) =   1.12930396442408E+05/  1.12930396442408E+05
EXTCUR(20) =   7.79750736570386E+04/  7.79750736570386E+04
EXTCUR(21) =  -1.23780254055153E+05/ -1.23780254055153E+05
EXTCUR(22) =  -1.14686989925306E+05/ -1.14686989925306E+05
EXTCUR(23) =  -1.12930396442408E+05/ -1.12930396442408E+05
EXTCUR(24) =  -7.79750736570386E+04/ -7.79750736570386E+04
EXTCUR(25) =   1.23780254055153E+05/  1.23780254055153E+05
EXTCUR(26) =   1.14686989925306E+05/  1.14686989925306E+05
EXTCUR(27) =   1.12930396442408E+05/  1.12930396442408E+05
EXTCUR(28) =   7.79750736570386E+04/  7.79750736570386E+04
EXTCUR(29) =  -1.23780254055153E+05/ -1.23780254055153E+05
EXTCUR(30) =  -1.14686989925306E+05/ -1.14686989925306E+05
EXTCUR(31) =  -1.12930396442408E+05/ -1.12930396442408E+05
EXTCUR(32) =  -7.79750736570386E+04/ -7.79750736570386E+04

 THE BFIELDS HAVE BEEN STORED IN THE MGRID FILE IN RAW MODE.
 THE USER MUST PROVIDE THE EXTCUR ARRAY VALUES FOR THE VMEC INPUT (INDATA) FILE.
 CHOOSING EXTCUR=1 CORRESPONDS TO THE CURRENTS PRESENT IN THE COILS FILE.
