EXTCUR(1)  =   3.66427872281820E+05/  3.66427872281820E+05
EXTCUR(2)  =   3.52722835650729E+05/  3.52722835650729E+05
EXTCUR(3)  =   3.38867226103073E+05/  3.38867226103073E+05
EXTCUR(4)  =   2.47496152803401E+05/  2.47496152803401E+05
EXTCUR(5)  =  -3.66427872281820E+05/ -3.66427872281820E+05
EXTCUR(6)  =  -3.52722835650729E+05/ -3.52722835650729E+05
EXTCUR(7)  =  -3.38867226103073E+05/ -3.38867226103073E+05
EXTCUR(8)  =  -2.47496152803401E+05/ -2.47496152803401E+05
EXTCUR(9)  =   3.66427872281820E+05/  3.66427872281820E+05
EXTCUR(10) =   3.52722835650729E+05/  3.52722835650729E+05
EXTCUR(11) =   3.38867226103073E+05/  3.38867226103073E+05
EXTCUR(12) =   2.47496152803401E+05/  2.47496152803401E+05
EXTCUR(13) =  -3.66427872281820E+05/ -3.66427872281820E+05
EXTCUR(14) =  -3.52722835650729E+05/ -3.52722835650729E+05
EXTCUR(15) =  -3.38867226103073E+05/ -3.38867226103073E+05
EXTCUR(16) =  -2.47496152803401E+05/ -2.47496152803401E+05

 THE BFIELDS HAVE BEEN STORED IN THE MGRID FILE IN RAW MODE.
 THE USER MUST PROVIDE THE EXTCUR ARRAY VALUES FOR THE VMEC INPUT (INDATA) FILE.
 CHOOSING EXTCUR=1 CORRESPONDS TO THE CURRENTS PRESENT IN THE COILS FILE.
